2007-323T12:33:00 2.998e+01 1.134e+01 0 nan nan 0
2007-323T12:33:07 2.651e+01 1.002e+01 0 nan nan 0
2007-323T12:33:15 3.346e+01 1.266e+01 1 nan nan 0
2007-323T12:33:22 2.831e+01 1.071e+01 0 nan nan 0
2007-323T12:33:30 2.425e+01 9.172e+00 0 1.716e+01 1.716e+01 1
2007-323T12:33:37 0.000e+00 nan 0 1.644e+01 1.644e+01 1
2007-323T12:33:45 0.000e+00 nan 0 nan nan 0
2007-323T12:33:52 0.000e+00 nan 0 nan nan 0
2007-323T12:34:00 0.000e+00 nan 0 1.716e+01 1.716e+01 1
2007-323T12:34:07 0.000e+00 nan 0 1.795e+01 1.795e+01 1
2007-323T12:34:15 0.000e+00 nan 0 1.881e+01 1.881e+01 1
2007-323T12:34:23 0.000e+00 nan 0 nan nan 0
2007-323T12:34:30 0.000e+00 nan 0 1.716e+01 1.716e+01 1
2007-323T12:34:38 0.000e+00 nan 0 1.716e+01 1.716e+01 1
2007-323T12:34:45 0.000e+00 nan 0 nan nan 0
2007-323T12:34:53 0.000e+00 nan 0 1.795e+01 1.795e+01 1
2007-323T12:35:00 0.000e+00 nan 0 1.881e+01 1.881e+01 1
2007-323T12:35:08 0.000e+00 nan 0 1.881e+01 1.881e+01 1
2007-323T12:35:15 0.000e+00 nan 0 nan nan 0
2007-323T12:35:23 0.000e+00 nan 0 nan nan 0
2007-323T12:35:30 0.000e+00 nan 0 nan nan 0
2007-323T12:35:38 0.000e+00 nan 0 nan nan 0
2007-323T12:35:45 0.000e+00 nan 0 nan nan 0
2007-323T12:35:53 0.000e+00 nan 0 1.795e+01 1.795e+01 1
2007-323T12:36:01 0.000e+00 nan 0 nan nan 0
2007-323T12:36:08 0.000e+00 nan 0 nan nan 0
2007-323T12:36:16 0.000e+00 nan 0 1.881e+01 1.881e+01 1
2007-323T12:36:23 0.000e+00 nan 0 nan nan 0
2007-323T12:36:31 0.000e+00 nan 0 1.881e+01 1.881e+01 1
2007-323T12:36:38 2.380e+01 9.002e+00 0 1.976e+01 1.976e+01 1
2007-323T12:36:46 2.850e+01 1.078e+01 0 nan nan 0
2007-323T12:36:53 3.511e+01 1.328e+01 1 1.795e+01 1.795e+01 1
2007-323T12:37:01 1.786e+02 2.102e+02 2 nan nan 0
2007-323T12:37:08 2.207e+02 2.094e+02 2 1.644e+01 1.644e+01 1
2007-323T12:37:16 3.584e+02 inf 2 nan nan 0
2007-323T12:37:24 8.264e+01 3.125e+01 1 nan nan 0
2007-323T12:37:31 8.117e+01 3.070e+01 1 nan nan 0
2007-323T12:37:39 1.073e+02 4.057e+01 1 nan nan 0
2007-323T12:37:46 1.007e+02 3.809e+01 1 1.516e+01 1.516e+01 1
2007-323T12:37:54 1.786e+02 1.585e+02 2 nan nan 0
2007-323T12:38:01 2.096e+02 2.550e+02 2 nan nan 0
2007-323T12:38:09 2.096e+02 1.832e+02 2 nan nan 0
2007-323T12:38:16 2.096e+02 1.347e+02 2 1.516e+01 1.516e+01 1
2007-323T12:38:24 2.498e+02 7.464e+01 2 nan nan 0
2007-323T12:38:31 2.793e+02 2.648e+01 2 1.460e+01 1.460e+01 1
2007-323T12:38:39 2.096e+02 1.716e+01 2 nan nan 0
2007-323T12:38:47 2.096e+02 1.414e+02 2 1.644e+01 1.644e+01 1
2007-323T12:38:54 2.096e+02 1.548e+02 2 1.716e+01 1.716e+01 1
2007-323T12:39:02 2.668e+02 1.345e+02 2 nan nan 0
2007-323T12:39:09 2.446e+02 5.718e+01 2 nan nan 0
2007-323T12:39:17 2.439e+02 3.159e+01 2 1.976e+01 1.976e+01 1
2007-323T12:39:24 3.584e+02 1.663e+01 2 1.716e+01 -5.106e+00 1
2007-323T12:39:32 3.573e+02 2.354e+02 2 nan nan 0
2007-323T12:39:39 2.927e+02 1.253e+02 2 nan nan 0
2007-323T12:39:47 2.931e+02 1.622e+02 2 5.227e+00 5.227e+00 1
2007-323T12:39:54 2.790e+02 3.720e+01 2 1.795e+01 1.795e+01 1
2007-323T12:40:02 2.096e+02 1.360e+02 2 2.081e+01 2.462e-01 1
2007-323T12:40:09 1.786e+02 1.883e+02 2 2.081e+01 -1.971e+00 1
2007-323T12:40:17 6.970e+01 2.636e+01 1 2.199e+01 2.199e+01 1
2007-323T12:40:25 2.096e+02 5.527e+01 2 2.330e+01 2.330e+01 1
2007-323T12:40:32 2.096e+02 2.321e+01 2 nan nan 0
2007-323T12:40:40 2.788e+02 6.108e+01 2 2.330e+01 -1.080e+00 1
2007-323T12:40:47 2.096e+02 3.224e+01 2 2.477e+01 -1.221e+00 1
2007-323T12:40:55 2.790e+02 3.249e+01 2 2.477e+01 2.477e+01 1
2007-323T12:41:02 3.189e+02 5.609e+01 2 2.477e+01 2.477e+01 1
2007-323T12:41:10 3.584e+02 6.213e+01 2 2.330e+01 2.330e+01 1
2007-323T12:41:17 2.636e+02 2.288e+01 2 2.330e+01 3.084e-01 1
2007-323T12:41:25 2.096e+02 3.224e+01 2 2.081e+01 2.081e+01 1
2007-323T12:41:32 2.096e+02 4.604e+01 2 nan nan 0
2007-323T12:41:40 2.669e+02 1.096e+02 2 1.976e+01 1.976e+01 1
2007-323T12:41:48 3.792e+02 3.914e+01 2 1.976e+01 8.216e+00 1
2007-323T12:41:55 4.477e+02 7.294e+01 2 1.976e+01 1.976e+01 1
2007-323T12:42:03 3.097e+02 1.819e+01 2 2.069e+01 -9.738e-01 1
2007-323T12:42:10 5.256e+02 5.334e+01 2 1.976e+01 2.920e+01 1
2007-323T12:42:18 4.477e+02 9.715e+01 2 2.081e+01 2.907e+01 1
2007-323T12:42:25 3.152e+02 1.609e+02 2 2.330e+01 -1.080e+00 1
2007-323T12:42:33 3.440e+02 1.992e+02 2 nan nan 0
2007-323T12:42:40 2.055e+02 1.514e+02 2 2.330e+01 2.330e+01 1
2007-323T12:42:48 2.096e+02 3.259e+01 2 2.199e+01 -9.620e-01 1
2007-323T12:42:55 4.540e+02 1.648e+02 2 nan nan 0
2007-323T12:43:03 6.113e+02 2.927e+02 2 nan nan 0
2007-323T12:43:11 5.469e+02 2.629e+01 2 1.976e+01 1.976e+01 1
2007-323T12:43:18 3.271e+02 1.983e+02 2 1.976e+01 1.976e+01 1
2007-323T12:43:26 3.584e+02 6.019e+01 2 2.081e+01 5.788e+00 1
2007-323T12:43:33 3.186e+02 4.077e+01 2 1.976e+01 1.976e+01 1
2007-323T12:43:41 3.584e+02 3.784e+01 2 nan nan 0
2007-323T12:43:48 5.399e+02 3.232e+02 2 9.355e+00 9.355e+00 1
2007-323T12:43:56 6.002e+02 7.390e+01 2 3.762e+01 9.455e+00 1
2007-323T12:44:03 6.519e+02 4.473e+01 2 3.762e+01 -5.030e+00 1
2007-323T12:44:11 6.002e+02 5.795e+01 2 1.881e+01 1.881e+01 1
2007-323T12:44:18 5.469e+02 2.204e+02 2 1.795e+01 1.667e+01 1
2007-323T12:44:26 4.880e+02 3.952e+01 2 1.795e+01 1.795e+01 1
2007-323T12:44:34 5.972e+02 8.448e+01 2 1.716e+01 1.716e+01 1
2007-323T12:44:41 6.267e+02 1.505e+02 2 1.716e+01 1.716e+01 1
2007-323T12:44:49 6.007e+02 4.314e+01 2 1.716e+01 1.716e+01 1
2007-323T12:44:56 7.327e+02 9.069e+01 2 1.644e+01 1.644e+01 1
2007-323T12:45:04 7.143e+02 1.195e+02 2 1.716e+01 -5.860e-01 1
2007-323T12:45:11 3.317e+02 2.605e+02 2 1.881e+01 1.881e+01 1
2007-323T12:45:19 5.469e+02 4.656e+01 2 nan nan 0
2007-323T12:45:26 2.965e+02 1.987e+02 2 nan nan 0
2007-323T12:45:34 3.175e+02 8.337e+01 2 1.795e+01 1.795e+01 1
2007-323T12:45:49 3.436e+02 2.109e+02 2 1.577e+01 1.577e+01 1
2007-323T12:45:56 2.065e+02 1.339e+02 2 nan nan 0
2007-323T12:46:04 2.424e+01 9.165e+00 0 nan nan 0
2007-323T12:46:12 2.587e+01 9.782e+00 0 6.765e+01 6.231e+02 1
2007-323T12:46:19 2.583e+01 9.767e+00 0 nan nan 0
2007-323T12:46:27 2.615e+01 9.889e+00 0 nan nan 0
2007-323T12:46:34 2.506e+01 9.475e+00 0 9.585e+00 9.585e+00 1
2007-323T12:46:42 2.524e+01 9.545e+00 0 1.035e+01 1.035e+01 1
2007-323T12:46:49 2.526e+01 9.553e+00 0 6.765e+01 4.241e+02 1
2007-323T12:46:57 0.000e+00 nan 0 nan nan 0
2007-323T12:47:04 2.466e+01 9.325e+00 0 nan nan 0
2007-323T12:47:12 6.097e+02 7.336e+02 2 nan nan 0
2007-323T12:47:19 1.157e+03 4.409e+02 2 1.407e+01 1.407e+01 1
2007-323T12:47:27 1.021e+03 1.778e+02 2 nan nan 0
2007-323T12:47:35 1.535e+03 5.718e+01 2 5.853e+00 5.853e+00 1
2007-323T12:47:42 9.052e+02 5.291e+02 2 nan nan 0
2007-323T12:47:50 6.560e+02 2.305e+02 2 2.330e+01 -5.246e+00 1
2007-323T12:47:57 3.380e+02 1.744e+02 2 nan nan 0
2007-323T12:48:05 6.560e+02 2.412e+02 2 2.477e+01 -1.221e+00 1
2007-323T12:48:12 4.273e+02 3.081e+02 2 2.645e+01 2.645e+01 1
2007-323T12:48:20 5.732e+02 1.871e+02 2 2.837e+01 4.573e-01 1
2007-323T12:48:27 6.560e+02 5.116e+01 2 2.837e+01 2.837e+01 1
2007-323T12:48:35 7.102e+02 1.701e+02 2 2.837e+01 2.311e+01 1
2007-323T12:48:42 1.319e+03 9.379e+01 2 2.837e+01 -1.602e+00 1
2007-323T12:48:50 9.040e+02 4.593e+02 2 3.059e+01 -1.862e+00 1
2007-323T12:48:58 1.013e+03 4.018e+01 2 3.319e+01 3.319e+01 1
2007-323T12:49:05 1.417e+03 6.233e+01 2 3.319e+01 -2.192e+00 1
2007-323T12:49:13 1.434e+03 4.465e+02 2 3.626e+01 3.626e+01 1
2007-323T12:49:20 1.494e+03 1.374e+02 2 3.626e+01 3.626e+01 1
2007-323T12:49:28 1.531e+03 4.111e+02 2 3.626e+01 3.626e+01 1
2007-323T12:49:35 1.886e+03 0.000e+00 2 3.626e+01 3.626e+01 1
2007-323T12:49:43 1.900e+03 inf 2 3.626e+01 3.626e+01 1
2007-323T12:49:50 1.552e+03 8.715e+02 2 3.626e+01 3.626e+01 1
2007-323T12:49:58 1.465e+03 1.652e+02 2 3.626e+01 -2.617e+00 1
2007-323T12:50:05 1.569e+03 1.659e+02 2 nan nan 0
2007-323T12:50:13 1.794e+03 1.353e+03 2 6.637e+01 1.252e+00 1
2007-323T12:50:20 1.553e+03 8.517e+02 2 3.319e+01 3.319e+01 1
2007-323T12:50:28 1.545e+03 8.720e+02 2 3.319e+01 3.319e+01 1
2007-323T12:50:36 1.886e+03 4.836e+02 2 3.319e+01 3.319e+01 1
2007-323T12:50:43 2.085e+03 9.167e+02 2 3.059e+01 3.059e+01 1
2007-323T12:50:51 2.085e+03 9.665e+02 2 3.059e+01 3.059e+01 1
2007-323T12:50:58 2.511e+03 1.389e+03 2 2.645e+01 2.645e+01 1
2007-323T12:51:06 3.225e+03 1.616e+03 2 2.645e+01 2.645e+01 1
2007-323T12:51:13 7.073e+02 3.257e+02 2 2.330e+01 2.330e+01 1
2007-323T12:51:21 7.749e+02 1.107e+02 2 nan nan 0
2007-323T12:51:28 2.085e+03 2.130e+03 2 2.477e+01 2.477e+01 1
2007-323T12:51:36 2.085e+03 2.177e+03 2 nan nan 0
2007-323T12:51:43 1.384e+03 1.054e+00 2 8.510e+01 7.549e+00 1
2007-323T12:51:51 2.096e+02 9.608e+01 2 3.059e+01 -1.862e+00 1
2007-323T12:51:59 9.040e+02 2.847e+02 2 3.059e+01 -1.862e+00 1
2007-323T12:52:06 3.398e+02 1.590e+02 2 3.059e+01 -4.256e+00 1
2007-323T12:52:14 1.350e+03 6.524e+02 2 3.059e+01 3.059e+01 1
2007-323T12:52:21 2.254e+03 1.023e+03 2 8.510e+01 -1.098e+01 1
2007-323T12:52:29 2.085e+03 1.881e+02 2 3.059e+01 3.059e+01 1
2007-323T12:52:36 1.430e+03 5.458e+02 2 3.059e+01 3.059e+01 1
2007-323T12:52:44 9.040e+02 6.696e+01 2 3.059e+01 3.059e+01 1
2007-323T12:52:51 7.143e+02 1.235e+02 2 2.837e+01 -3.661e+00 1
2007-323T12:52:59 3.584e+02 5.622e+01 2 3.059e+01 5.317e-01 1
2007-323T12:53:06 3.604e+02 2.681e+02 2 2.837e+01 -3.661e+00 1
2007-323T12:53:14 2.096e+02 4.836e+01 2 3.059e+01 5.317e-01 1
2007-323T12:53:22 2.994e+02 2.028e+02 2 2.837e+01 -3.661e+00 1
2007-323T12:53:29 3.584e+02 6.926e+01 2 2.837e+01 5.193e+01 1
2007-323T12:53:37 3.584e+02 3.066e+01 2 2.837e+01 -1.602e+00 1
2007-323T12:53:44 5.469e+02 2.139e+01 2 2.837e+01 5.399e+01 1
2007-323T12:53:52 1.350e+03 2.077e+02 2 nan nan 0
2007-323T12:53:59 9.735e+02 7.379e+01 2 2.477e+01 2.477e+01 1
2007-323T12:54:07 6.948e+02 3.538e+01 2 2.645e+01 2.645e+01 1
2007-323T12:54:14 6.560e+02 3.160e+02 2 2.645e+01 2.645e+01 1
2007-323T12:54:22 5.469e+02 4.861e+01 2 2.645e+01 2.645e+01 1
2007-323T12:54:29 3.681e+02 1.201e+02 2 2.645e+01 -4.972e+00 1
2007-323T12:54:37 3.584e+02 3.025e+01 2 2.645e+01 2.645e+01 1
2007-323T12:54:45 5.260e+02 1.810e+01 2 2.477e+01 -1.221e+00 1
2007-323T12:54:52 3.769e+02 1.389e+02 2 2.477e+01 -1.221e+00 1
2007-323T12:55:00 3.584e+02 1.006e+02 2 2.645e+01 -1.392e+00 1
2007-323T12:55:07 3.540e+02 8.186e+01 2 2.837e+01 4.573e-01 1
2007-323T12:55:15 3.584e+02 7.870e+01 2 2.645e+01 -3.182e+00 1
2007-323T12:55:22 2.790e+02 2.058e+01 2 2.814e+01 2.250e-01 1
2007-323T12:55:30 2.790e+02 3.443e+01 2 2.645e+01 -3.182e+00 1
2007-323T12:55:37 2.636e+02 1.039e+02 2 2.645e+01 -1.392e+00 1
2007-323T12:55:45 3.340e+02 3.882e+01 2 2.645e+01 -1.392e+00 1
2007-323T12:55:52 4.477e+02 7.312e+01 2 1.313e+01 1.313e+01 1
2007-323T12:56:00 3.426e+02 1.232e+02 2 2.477e+01 -2.791e+00 1
2007-323T12:56:07 3.954e+02 5.299e+01 2 2.477e+01 3.332e+01 1
2007-323T12:56:15 2.096e+02 1.132e+02 2 2.477e+01 2.233e+01 1
2007-323T12:56:23 6.217e+01 2.351e+01 1 6.650e+00 6.650e+00 1
2007-323T12:56:30 1.786e+02 9.377e+01 2 nan nan 0
2007-323T12:56:38 3.661e+01 1.385e+01 1 nan nan 0
2007-323T12:56:45 5.872e+01 2.221e+01 1 nan nan 0
2007-323T12:56:53 1.242e+02 4.697e+01 1 nan nan 0
2007-323T12:57:00 6.002e+02 1.050e+02 2 2.081e+01 2.081e+01 1
2007-323T12:57:08 5.870e+02 5.737e+01 2 2.330e+01 -3.857e+00 1
2007-323T12:57:15 3.857e+02 1.690e+02 2 2.477e+01 -1.221e+00 1
2007-323T12:57:23 3.731e+02 1.425e+02 2 2.330e+01 4.196e+01 1
2007-323T12:57:30 3.335e+02 5.271e+01 2 2.330e+01 2.330e+01 1
2007-323T12:57:38 2.897e+02 6.900e+01 2 2.330e+01 8.639e+00 1
2007-323T12:57:46 2.875e+02 8.010e+01 2 2.330e+01 3.084e-01 1
2007-323T12:57:53 3.044e+02 1.529e+02 2 2.330e+01 2.330e+01 1
2007-323T12:58:01 3.496e+02 2.029e+02 2 2.330e+01 3.084e-01 1
2007-323T12:58:08 3.416e+02 2.395e+02 2 2.330e+01 -1.080e+00 1
2007-323T12:58:16 3.825e+02 2.223e+02 2 2.477e+01 -1.221e+00 1
2007-323T12:58:23 4.792e+02 2.025e+02 2 2.645e+01 -3.182e+00 1
2007-323T12:58:31 3.794e+02 2.348e+02 2 2.837e+01 2.837e+01 1
2007-323T12:58:38 2.829e+02 2.971e+01 2 2.645e+01 -3.182e+00 1
2007-323T12:58:46 4.232e+02 2.797e+02 2 2.837e+01 -3.661e+00 1
2007-323T12:58:53 5.739e+02 2.963e+01 2 2.837e+01 -7.779e+00 1
2007-323T12:59:01 5.283e+02 1.903e+02 2 2.645e+01 2.645e+01 1
2007-323T12:59:09 3.757e+02 1.586e+02 2 2.477e+01 -2.791e+00 1
2007-323T12:59:16 2.663e+02 7.948e+01 2 2.330e+01 -2.469e+00 1
2007-323T12:59:24 2.096e+02 3.009e+01 2 2.330e+01 3.084e-01 1
2007-323T12:59:31 2.096e+02 3.256e+02 2 2.199e+01 3.985e+01 1
2007-323T12:59:39 2.096e+02 7.523e+01 2 1.092e+01 1.092e+01 1
2007-323T12:59:46 2.668e+02 5.901e+01 2 1.976e+01 1.976e+01 1
2007-323T12:59:54 2.568e+02 7.852e+00 2 1.881e+01 3.460e+01 1
2007-323T13:00:01 1.786e+02 1.190e+02 2 1.795e+01 1.830e-01 1
2007-323T13:00:09 1.031e+02 3.899e+01 1 1.716e+01 -5.860e-01 1
2007-323T13:00:16 2.096e+02 3.224e+01 2 1.716e+01 1.716e+01 1
2007-323T13:00:24 2.096e+02 1.716e+01 2 1.795e+01 1.830e-01 1
2007-323T13:00:31 2.096e+02 1.751e+01 2 1.795e+01 -6.411e-01 1
2007-323T13:00:39 2.096e+02 3.224e+01 2 1.716e+01 -1.339e+00 1
2007-323T13:00:47 2.096e+02 1.144e+01 2 1.716e+01 -5.860e-01 1
2007-323T13:00:54 2.096e+02 3.163e+01 2 1.716e+01 1.716e+01 1
2007-323T13:01:02 2.096e+02 4.836e+01 2 1.795e+01 -6.411e-01 1
2007-323T13:01:09 1.786e+02 4.901e+01 2 3.104e+01 -3.925e+00 1
2007-323T13:01:17 2.096e+02 1.459e+02 2 2.199e+01 -9.620e-01 1
2007-323T13:01:24 2.055e+02 2.927e+02 2 2.199e+01 2.747e-01 1
2007-323T13:01:32 3.569e+02 1.285e+02 2 1.716e+01 1.716e+01 1
2007-323T13:01:39 2.790e+02 2.941e+02 2 1.516e+01 -4.576e-01 1
2007-323T13:01:47 2.096e+02 2.128e+02 2 1.460e+01 1.460e+01 1
2007-323T13:01:54 1.293e+02 4.890e+01 1 nan nan 0
2007-323T13:02:02 8.881e+01 3.359e+01 1 1.516e+01 1.516e+01 1
2007-323T13:02:10 7.539e+01 2.851e+01 1 nan nan 0
2007-323T13:02:17 7.891e+01 2.984e+01 1 nan nan 0
2007-323T13:02:25 1.034e+02 3.910e+01 1 nan nan 0
2007-323T13:02:32 9.938e+01 3.758e+01 1 nan nan 0
2007-323T13:02:40 8.342e+01 3.155e+01 1 nan nan 0
2007-323T13:02:47 9.734e+01 3.681e+01 1 nan nan 0
2007-323T13:02:55 2.087e+02 4.597e+02 2 1.577e+01 1.577e+01 1
2007-323T13:03:02 2.790e+02 1.343e+02 2 2.081e+01 2.081e+01 1
2007-323T13:03:10 2.096e+02 1.244e+02 2 2.645e+01 2.645e+01 1
2007-323T13:03:17 1.786e+02 1.037e+02 2 2.645e+01 -1.392e+00 1
2007-323T13:03:25 7.390e+01 2.795e+01 1 1.192e+01 1.192e+01 1
2007-323T13:03:33 9.932e+02 1.786e+03 2 nan nan 0
2007-323T13:03:40 2.424e+01 9.169e+00 0 nan nan 0
2007-323T13:03:48 2.431e+01 9.193e+00 0 2.081e+01 2.081e+01 1
2007-323T13:03:55 0.000e+00 nan 0 7.135e+00 7.135e+00 1
2007-323T13:04:03 0.000e+00 nan 0 nan nan 0
2007-323T13:04:10 0.000e+00 nan 0 nan nan 0
2007-323T13:04:18 2.451e+01 9.269e+00 0 nan nan 0
2007-323T13:04:25 2.960e+01 1.119e+01 0 nan nan 0
2007-323T13:04:33 3.120e+01 1.180e+01 1 nan nan 0
2007-323T13:04:40 3.257e+01 1.232e+01 1 nan nan 0
2007-323T13:04:48 2.637e+01 9.971e+00 0 nan nan 0
2007-323T13:04:56 2.571e+01 9.724e+00 0 1.716e+01 1.716e+01 1
2007-323T13:05:03 0.000e+00 nan 0 1.644e+01 1.644e+01 1
2007-323T13:05:11 0.000e+00 nan 0 1.716e+01 1.716e+01 1
2007-323T13:05:18 0.000e+00 nan 0 nan nan 0
2007-323T13:05:26 0.000e+00 nan 0 nan nan 0
2007-323T13:05:33 0.000e+00 nan 0 nan nan 0
2007-323T13:05:41 0.000e+00 nan 0 2.081e+01 2.081e+01 1
2007-323T13:05:48 0.000e+00 nan 0 2.081e+01 2.081e+01 1
2007-323T13:05:56 0.000e+00 nan 0 nan nan 0
2007-323T13:06:03 0.000e+00 nan 0 nan nan 0
2007-323T13:06:11 0.000e+00 nan 0 nan nan 0
2007-323T13:06:18 0.000e+00 nan 0 nan nan 0
2007-323T13:06:26 0.000e+00 nan 0 nan nan 0
2007-323T13:06:34 0.000e+00 nan 0 nan nan 0
2007-323T13:06:41 0.000e+00 nan 0 nan nan 0
2007-323T13:06:49 0.000e+00 nan 0 nan nan 0
2007-323T13:06:56 0.000e+00 nan 0 nan nan 0
2007-323T13:07:04 2.600e+01 9.832e+00 0 nan nan 0
2007-323T13:07:11 0.000e+00 nan 0 nan nan 0
2007-323T13:07:19 0.000e+00 nan 0 nan nan 0
2007-323T13:07:26 0.000e+00 nan 0 nan nan 0
2007-323T13:07:34 0.000e+00 nan 0 nan nan 0
2007-323T13:07:41 0.000e+00 nan 0 nan nan 0
2007-323T13:07:49 0.000e+00 nan 0 nan nan 0
2007-323T13:07:57 0.000e+00 nan 0 nan nan 0
2007-323T13:08:04 0.000e+00 nan 0 nan nan 0
2007-323T13:08:12 0.000e+00 nan 0 nan nan 0
2007-323T13:08:19 0.000e+00 nan 0 nan nan 0
2007-323T13:08:27 0.000e+00 nan 0 nan nan 0
2007-323T13:08:34 0.000e+00 nan 0 nan nan 0
2007-323T13:08:42 0.000e+00 nan 0 nan nan 0
2007-323T13:08:49 0.000e+00 nan 0 nan nan 0
2007-323T13:08:57 0.000e+00 nan 0 nan nan 0
2007-323T13:09:04 0.000e+00 nan 0 nan nan 0
2007-323T13:09:12 0.000e+00 nan 0 nan nan 0
2007-323T13:09:20 0.000e+00 nan 0 nan nan 0
2007-323T13:09:27 0.000e+00 nan 0 nan nan 0
2007-323T13:09:35 0.000e+00 nan 0 nan nan 0
2007-323T13:09:42 2.612e+01 9.879e+00 0 nan nan 0
2007-323T13:09:50 0.000e+00 nan 0 nan nan 0
2007-323T13:09:57 0.000e+00 nan 0 nan nan 0
2007-323T13:10:05 0.000e+00 nan 0 nan nan 0
2007-323T13:10:12 0.000e+00 nan 0 nan nan 0
2007-323T13:10:20 0.000e+00 nan 0 nan nan 0
2007-323T13:10:27 0.000e+00 nan 0 nan nan 0
2007-323T13:10:35 0.000e+00 nan 0 nan nan 0
2007-323T13:10:42 2.593e+01 9.807e+00 0 nan nan 0
2007-323T13:10:50 0.000e+00 nan 0 nan nan 0
2007-323T13:10:58 0.000e+00 nan 0 nan nan 0
2007-323T13:11:05 0.000e+00 nan 0 2.199e+01 2.199e+01 1
2007-323T13:11:13 0.000e+00 nan 0 nan nan 0
2007-323T13:11:20 0.000e+00 nan 0 nan nan 0
2007-323T13:11:28 0.000e+00 nan 0 nan nan 0
2007-323T13:11:35 0.000e+00 nan 0 nan nan 0
2007-323T13:11:43 0.000e+00 nan 0 nan nan 0
2007-323T13:11:50 0.000e+00 nan 0 nan nan 0
2007-323T13:11:58 0.000e+00 nan 0 nan nan 0
2007-323T13:12:05 0.000e+00 nan 0 2.837e+01 1.281e+01 1
2007-323T13:12:13 2.610e+01 9.870e+00 0 nan nan 0
2007-323T13:12:21 0.000e+00 nan 0 nan nan 0
2007-323T13:12:28 0.000e+00 nan 0 nan nan 0
2007-323T13:12:36 0.000e+00 nan 0 nan nan 0
2007-323T13:12:43 0.000e+00 nan 0 nan nan 0
